   0.0    2.0  1.05  0.16000  0.04000  0.80  0.01  0.74  0.13  0.01  0.03  0.00140 6.2 
   2.0    5.0  1.15  0.17000  0.04008  0.20  0.02  0.74  0.13  0.01  0.02  0.00140 6.2 
   5.0   10.0  1.43  0.18000  0.04000  0.00  0.10  0.74  0.13  0.01  0.02  0.00140 6.2 
  10.0   20.0  1.43  0.18000  0.04000  0.00  0.23  0.74  0.13  0.01  0.01  0.00140 6.2 
  20.0   30.0  1.45  0.16000  0.04000  0.00  0.24  0.74  0.13  0.01  0.00  0.00140 6.2 
  30.0   45.0  1.45  0.16000  0.04000  0.00  0.17  0.74  0.13  0.01  0.00  0.00140 6.2 
  45.0   60.0  1.24  0.16000  0.04000  0.00  0.06  0.54  0.33  0.01  0.00  0.00110 6.2 
  60.0   75.0  1.41  0.16000  0.04018  0.00  0.05  0.74  0.13  0.01  0.00  0.00140 6.2 
  75.0   90.0  1.41  0.16000  0.04018  0.00  0.05  0.74  0.13  0.01  0.00  0.00140 6.2 
  90.0  105.0  1.41  0.16000  0.04018  0.00  0.03  0.74  0.13  0.01  0.00  0.00140 6.2 
 105.0  120.0  1.41  0.16000  0.04018  0.00  0.02  0.74  0.13  0.01  0.00  0.00140 6.2 
