  0.0   2.0  0.80  0.43000  0.19000  0.80  0.01  0.70  0.08  0.12  0.04  0.00244  4.8
  2.0   5.0  0.80  0.43000  0.19000  0.20  0.04  0.70  0.08  0.12  0.03  0.00244  4.8
  5.0  10.0  1.25  0.21000  0.12000  0.00  0.25  0.70  0.08  0.04  0.02  0.00244  4.8
 10.0  20.0  1.25  0.21000  0.12000  0.00  0.30  0.69  0.02  0.04  0.01  0.00244  4.8
 20.0  30.0  1.44  0.15700  0.05800  0.00  0.10  0.69  0.02  0.01  0.00  0.00435  4.8
 30.0  45.0  1.44  0.15700  0.05800  0.00  0.05  0.69  0.02  0.01  0.00  0.00435  4.8
 45.0  60.0  1.44  0.15700  0.05800  0.00  0.04  0.69  0.02  0.01  0.00  0.00435  4.8
 60.0  75.0  1.44  0.15700  0.05800  0.00  0.03  0.69  0.02  0.01  0.00  0.00435  4.8
 75.0  90.0  1.44  0.15700  0.05800  0.00  0.03  0.69  0.02  0.01  0.00  0.00435  4.8
 90.0 105.0  1.44  0.15700  0.05800  0.00  0.02  0.69  0.02  0.01  0.00  0.00435  4.8
105.0 120.0  1.44  0.15700  0.05800  0.00  0.02  0.69  0.02  0.01  0.00  0.00435  4.8
120.0 150.0  1.44  0.15700  0.05800  0.00  0.02  0.69  0.02  0.01  0.00  0.00435  4.8
150.0 180.0  1.44  0.15700  0.05800  0.00  0.02  0.69  0.02  0.01  0.00  0.00435  4.8
180.0 225.0  1.44  0.15700  0.05800  0.00  0.02  0.69  0.02  0.01  0.00  0.00435  4.8
225.0 270.0  1.44  0.15700  0.05800  0.00  0.02  0.69  0.02  0.01  0.00  0.00435  4.8
